INSERT INTO course_details (id, course_id, user_id, campus_id, batch_id, time_slot_id) VALUES
(3, 8, 24, 9, 30, 1),
(4, 6, 25, 9, 32, 1),
(5, 7, 26, 9, 31, 1),
(6, 12, 43, 9, 32, 2),
(7, 3, 28, 9, 28, 3),
(8, 4, 22, 9, 30, 2),
(9, 5, 30, 9, 29, 3),
(10, 7, 31, 9, 31, 2),
(11, 2, 32, 9, 23, 3),
(14, 12, 35, 9, 23, 2),
(15, 1, 36, 9, 27, 3),
(16, 2, 37, 9, 23, 1),
(17, 5, 38, 9, 29, 1),
(19, 7, 40, 9, 31, 3),
(20, 10, 41, 9, 29, 2),
(21, 11, 42, 9, 24, 3),
(22, 12, 27, 9, 32, 3),
(23, 6, 44, 9, 4, 1),
(24, 12, 404, 9, 4, 2),
(25, 7, 405, 9, 4, 3),
(26, 6, 408, 9, 5, 3),
(27, 12, 407, 9, 5, 2),
(28, 7, 408, 9, 5, 2),
(29, 12, 409, 9, 6, 1),
(31, 5, 411, 9, 7, 2),
(32, 12, 413, 9, 7, 3),
(33, 10, 412, 9, 7, 2),
(38, 10, 1298, 9, 12, 3),
(39, 12, 1297, 9, 12, 3),
(40, 3, 1299, 9, 2, 1),
(41, 5, 1300, 9, 2, 3),
(42, 10, 1302, 9, 2, 2),
(43, 7, 1847, 9, 13, 3),
(44, 12, 1303, 9, 13, 3),
(45, 12, 1314, 9, 4, 3),
(46, 12, 1304, 9, 12, 3),
(47, 10, 1305, 9, 12, 3),
(48, 5, 2970, 9, 13, 3),
(49, 7, 1952, 9, 14, 1),
(50, 6, 1953, 9, 10, 1),
(51, 7, 1954, 9, 10, 2),
(52, 10, 1955, 9, 14, 2),
(53, 8, 1956, 9, 14, 3),
(54, 5, 1957, 9, 10, 3),
(55, 12, 1958, 9, 14, 4),
(56, 3, 1959, 9, 14, 4),
(57, 2, 1960, 9, 22, 1),
(58, 9, 1961, 9, 22, 2),
(59, 7, 1962, 9, 22, 4),
(60, 1, 1963, 9, 8, 1),
(61, 12, 1964, 9, 16, 1),
(62, 5, 1967, 9, 17, 2),
(63, 4, 22, 9, 8, 3),
(64, 10, 1966, 9, 16, 4),
(65, 5, 1968, 9, 17, 3),
(66, 2, 1969, 9, 17, 4),
(68, 5, 1971, 9, 18, 3);
